Version 0.9.7
7
 4 9 227 77 128 0 1
 5 80 400 206 81 2 2
 0 106 159 877 276 8 3
 1 95 39 206 81 140 4
 1 106 459 206 81 150 5
 3 374 468 203 58 160 6
 6 377 5 449 130 169 7
 0
43
 255 5 70 241 70 241 70 172 159 172 159 173 159 173 0 1 0 3
 255 5 159 407 159 407 27 407 27 254 70 254 70 254 0 3 0 1
 255 5 185 407 185 407 185 447 121 447 121 470 121 470 0 3 0 5
 0 5 70 327 70 327 92 327 92 186 159 186 159 186 0 1 0 3
 0 5 70 340 70 340 70 419 159 419 159 420 159 420 0 1 0 3
 0 5 172 420 172 435 82 435 82 528 121 528 121 528 0 3 0 5
 0 5 393 368 393 368 393 368 393 420 393 420 393 420 0 3 0 3
 0 5 211 186 211 186 211 128 110 128 110 108 110 108 0 3 0 4
 255 5 172 173 171 173 171 146 84 146 84 50 110 50 0 3 0 4
 255 5 250 225 250 225 250 225 250 173 250 173 250 173 0 3 0 3
 0 5 385 505 385 505 385 450 471 450 471 420 471 420 0 6 0 3
 255 5 328 173 328 157 353 157 353 32 393 32 393 32 0 3 0 7
 255 5 601 173 601 173 601 173 601 225 601 225 601 225 0 3 0 3
 0 5 692 368 692 368 692 368 692 420 692 420 692 420 0 3 0 3
 12615680 5 315 264 315 264 315 218 162 218 162 470 162 470 0 3 0 5
 12615680 5 289 264 289 264 289 242 181 242 181 470 181 470 0 3 0 5
 12615680 5 263 264 263 264 200 264 200 264 200 470 200 470 0 3 0 5
 12615680 5 263 329 263 329 263 335 219 335 219 470 219 470 0 3 0 5
 65280 5 284 50 284 36 140 36 140 329 250 329 250 329 0 4 0 3
 65280 5 276 225 276 207 332 207 332 16 265 16 265 50 0 3 0 4
 65280 5 246 50 246 50 246 26 323 26 323 225 328 225 0 4 0 3
 65280 5 302 225 302 225 310 225 310 50 227 50 227 50 0 3 0 4
 4227327 5 276 368 276 377 240 377 240 470 238 470 238 470 0 3 0 5
 4227327 5 289 368 289 383 258 383 258 470 257 470 257 470 0 3 0 5
 4227327 5 276 470 276 470 276 389 302 389 302 368 302 368 0 5 0 3
 4227327 5 295 470 295 470 295 395 315 395 315 368 315 368 0 5 0 3
 3853284 5 328 329 328 284 276 284 276 68 151 68 151 50 0 3 0 4
 3853284 5 170 50 170 14 220 14 220 307 341 307 341 329 0 4 0 3
 15482539 5 627 225 627 225 627 164 804 164 804 128 804 128 0 3 0 7
 15482539 5 614 225 614 225 614 155 791 155 791 128 791 128 0 3 0 7
 15482539 5 778 128 778 128 778 148 692 148 692 225 692 225 0 7 0 3
 15482539 5 765 128 765 141 682 141 682 225 679 225 679 225 0 7 0 3
 15482539 5 666 225 666 225 666 135 752 135 752 128 752 128 0 3 0 7
 15482539 5 640 225 640 225 640 119 726 119 726 128 726 128 0 3 0 7
 15482539 5 739 128 739 128 653 128 653 128 653 225 653 225 0 7 0 3
 2883509 5 679 368 679 368 679 512 679 512 560 512 560 512 0 3 0 6
 2883509 5 601 368 601 368 601 531 538 531 538 512 540 512 0 3 0 6
 2883509 5 614 368 614 368 614 541 520 541 520 512 520 512 0 3 0 6
 2883509 5 666 368 666 368 666 556 500 556 500 512 500 512 0 3 0 6
 7098108 5 679 355 679 355 679 355 354 355 354 355 354 355 0 3 0 3
 7098108 5 666 329 666 329 666 294 400 294 400 264 393 264 0 3 0 3
 7098108 5 380 342 380 342 380 342 614 342 614 342 614 342 0 3 0 3
 7098108 5 601 329 601 329 601 329 367 329 367 329 367 329 0 3 0 3
2
 7181 1 24 244 277 5 0 0 8583448 3
 7047 1 16 595 277 5 0 0 8583448 3
