Version 0.9.7
5
 4 10 175 77 128 0 1
 5 80 400 206 81 2 2
 0 110 110 877 276 8 3
 1 107 409 206 81 140 4
 3 108 33 203 58 150 5
 0
22
 0 5 71 288 71 288 53 288 53 478 122 478 122 478 0 1 0 4
 0 5 71 249 71 249 99 249 99 70 119 70 119 70 0 1 0 5
 255 5 71 202 4 202 4 394 122 394 122 420 122 420 0 1 0 4
 255 5 163 137 163 137 71 137 71 137 71 189 71 189 0 3 0 1
 255 5 241 176 241 176 241 176 241 137 241 137 241 137 0 3 0 3
 0 5 332 319 332 319 335 319 335 358 332 358 332 358 0 3 0 3
 0 5 254 319 254 319 254 319 254 319 254 358 254 358 0 3 0 3
 0 5 280 319 280 319 280 319 280 358 280 358 280 358 0 3 0 3
 0 5 163 358 163 358 97 358 97 275 71 275 71 275 0 3 0 1
 255 5 449 371 449 371 454 371 454 137 449 137 449 137 0 3 0 3
 255 5 267 306 267 306 267 306 267 371 267 371 267 371 0 3 0 3
 16744448 5 293 319 293 295 345 295 345 96 254 96 254 77 0 3 0 5
 16744448 5 274 77 274 89 357 89 357 303 306 303 306 319 0 5 0 3
 16744448 5 319 319 319 312 368 312 368 80 294 80 294 77 0 3 0 5
 65535 5 163 446 163 446 163 191 254 191 254 176 254 176 0 4 0 3
 65535 5 280 176 280 199 183 199 183 446 182 446 182 446 0 3 0 4
 65535 5 293 176 293 207 203 207 203 446 201 446 201 446 0 3 0 4
 65535 5 319 215 319 215 220 215 220 215 220 446 220 446 0 3 0 4
 33023 5 241 280 241 280 241 446 241 446 239 446 239 446 0 3 0 4
 33023 5 267 176 267 168 420 168 420 450 258 450 258 446 0 3 0 4
 33023 5 306 176 306 187 407 187 407 442 277 442 277 446 0 3 0 4
 33023 5 332 176 332 176 387 176 387 433 296 433 296 433 0 3 0 4
1
 7085 1 16 235 228 5 0 0 8583448 3
