Version 0.9.7
5
 4 10 175 77 128 0 1
 5 80 400 206 81 2 2
 0 110 110 877 276 8 3
 3 372 424 203 58 140 4
 1 108 416 206 81 159 6
 0
22
 255 5 202 358 202 347 101 347 101 228 71 228 71 228 0 3 0 1
 255 5 189 358 189 358 100 358 100 427 123 427 123 427 0 3 0 6
 0 5 123 485 123 485 141 485 141 392 176 392 176 371 0 6 0 3
 0 5 383 461 383 461 352 461 352 393 436 393 436 371 0 4 0 3
 0 5 71 288 71 288 71 371 71 371 163 371 163 371 0 1 0 3
 0 5 71 249 71 249 55 249 55 137 163 137 163 137 0 1 0 3
 0 5 475 215 475 215 475 215 475 137 475 137 475 137 0 3 0 3
 0 5 488 215 488 215 488 215 488 137 488 137 488 137 0 3 0 3
 255 5 488 280 488 280 488 280 488 358 488 358 488 358 0 3 0 3
 33023 5 436 215 436 197 248 197 248 427 240 427 240 427 0 3 0 6
 33023 5 259 427 259 427 259 291 475 291 475 280 475 280 0 6 0 3
 33023 5 514 280 514 280 514 301 278 301 278 427 278 427 0 3 0 6
 33023 5 501 215 503 215 503 189 297 189 297 427 297 427 0 3 0 6
 16711680 5 527 280 527 280 527 413 202 413 202 427 202 427 0 3 0 6
 16711680 5 462 280 462 272 236 272 236 406 183 406 183 427 0 3 0 6
 16711680 5 436 280 436 280 436 262 164 262 164 427 164 427 0 3 0 6
 16711680 5 221 427 221 427 221 173 514 173 514 215 514 215 0 6 0 3
 65535 5 527 215 527 215 598 215 598 501 498 501 498 468 0 3 0 4
 65535 5 478 468 478 491 587 491 587 272 501 272 501 280 0 4 0 3
 65535 5 449 319 449 319 468 319 468 468 458 468 458 468 0 3 0 4
 65535 5 449 215 449 207 321 207 321 496 438 496 438 468 0 3 0 4
 65535 5 462 215 462 222 339 222 339 468 418 468 418 468 0 3 0 4
1
 7083 1 16 430 228 5 0 0 8583448 3
