Version 0.9.7
5
 4 10 175 77 128 0 1
 5 80 400 206 81 2 2
 0 180 180 877 276 8 3
 3 260 79 203 58 282 6
 1 280 484 206 81 291 7
 0
38
 65793 5 233 441 233 441 142 441 142 288 71 288 71 288 0 3 0 1
 65793 5 71 249 71 249 140 249 140 116 271 116 271 116 0 1 0 6
 255 5 71 189 71 189 71 204 233 204 233 207 233 207 0 1 0 3
 255 5 71 228 71 228 116 228 116 495 295 495 295 495 0 1 0 7
 0 5 246 441 246 441 246 553 246 553 295 553 295 553 0 3 0 7
 0 5 337 389 337 389 337 389 337 441 337 441 337 441 0 3 0 3
 0 5 493 389 493 389 493 389 493 441 493 441 493 441 0 3 0 3
 0 5 675 389 675 389 675 389 675 441 675 441 675 441 0 3 0 3
 0 5 857 389 857 389 857 389 857 441 857 441 857 441 0 3 0 3
 255 5 259 246 259 246 259 246 259 207 259 207 259 207 0 3 0 3
 255 5 415 207 415 207 415 207 415 246 415 246 415 246 0 3 0 3
 255 5 597 246 597 246 597 246 597 207 597 207 597 207 0 3 0 3
 255 5 779 246 779 246 779 246 779 207 779 207 779 207 0 3 0 3
 65408 5 259 389 259 389 259 488 336 488 336 495 336 495 0 3 0 7
 65408 5 272 389 266 389 266 475 355 475 355 495 355 495 0 3 0 7
 8421376 5 355 508 355 508 355 507 367 507 367 389 415 389 0 7 0 3
 8421376 5 374 508 374 508 383 508 383 396 428 396 428 389 0 7 0 3
 12615808 5 285 389 285 389 285 389 298 389 298 389 298 389 0 3 0 3
 12615808 5 311 389 311 389 311 399 792 399 792 389 792 389 0 3 0 3
 12615808 5 844 350 844 350 844 252 480 252 480 259 480 259 0 3 0 3
 12615808 5 779 389 779 389 779 410 374 410 374 495 374 495 0 3 0 7
 11133341 5 441 363 441 363 441 365 467 365 467 363 467 363 0 3 0 3
 11133341 5 454 376 454 376 454 462 336 462 336 508 336 508 0 3 0 7
 16501088 5 649 363 649 363 649 514 374 514 374 521 374 521 0 3 0 7
 16501088 5 636 363 636 363 636 358 259 358 259 363 259 363 0 3 0 3
 6055422 5 324 350 324 350 324 345 610 345 610 350 610 350 0 3 0 3
 6055422 5 441 389 441 389 440 389 440 285 467 285 467 285 0 3 0 3
 16365543 5 805 389 805 389 805 383 480 383 480 389 480 389 0 3 0 3
 16365543 5 818 376 818 376 818 376 597 376 597 376 597 376 0 3 0 3
 10088675 5 623 350 623 352 576 352 576 285 610 285 610 285 0 3 0 3
 10088675 5 623 285 623 285 623 285 675 285 675 285 675 285 0 3 0 3
 7717371 5 355 521 355 521 355 259 355 259 324 259 324 259 0 7 0 3
 7717371 5 662 363 662 363 662 269 311 269 311 259 311 259 0 3 0 3
 16777088 5 831 389 831 389 831 527 336 527 336 521 336 521 0 3 0 7
 4227072 5 662 259 662 259 662 259 857 259 857 259 857 259 0 3 0 3
 32896 5 493 246 493 246 493 246 649 246 649 246 649 246 0 3 0 3
 16777215 5 337 246 337 246 337 236 844 236 844 246 844 246 0 3 0 3
 65535 5 446 123 446 123 636 123 636 123 636 259 636 259 0 6 0 3
4
 7008 1 14 253 298 5 0 0 8583448 3
 7032 1 14 591 298 5 0 0 8583448 3
 7004 1 14 773 298 5 0 0 8583448 3
 7008 1 14 409 298 5 0 0 8583448 3
