Version 0.9.7
5
 4 10 175 77 128 0 1
 5 80 400 206 81 2 2
 0 160 160 877 276 8 3
 1 159 451 206 81 140 5
 3 162 77 203 58 150 6
 0
20
 65793 5 71 288 71 288 71 288 71 421 213 421 213 421 0 1 0 3
 65793 5 226 421 226 441 68 441 68 520 174 520 174 520 0 3 0 5
 65793 5 173 114 173 114 57 114 57 249 71 249 71 249 0 6 0 1
 255 5 71 189 71 189 213 189 213 189 213 187 213 187 0 1 0 3
 255 5 71 228 71 228 119 228 119 462 174 462 174 462 0 1 0 5
 255 5 317 226 317 226 317 226 317 187 317 187 317 187 0 3 0 3
 255 5 512 226 512 226 512 226 512 187 512 187 512 187 0 3 0 3
 255 5 707 187 707 187 707 187 707 226 707 226 707 226 0 3 0 3
 0 5 395 369 395 369 395 369 395 421 395 421 395 421 0 3 0 3
 0 5 590 369 590 369 590 369 590 421 590 421 590 421 0 3 0 3
 0 5 785 369 785 369 785 369 785 421 785 421 785 421 0 3 0 3
 65408 5 317 369 236 369 236 448 215 448 215 462 215 462 0 3 0 5
 65408 5 330 369 330 379 246 379 246 455 234 455 234 462 0 3 0 5
 65408 5 356 369 356 384 332 384 332 447 253 447 253 462 0 3 0 5
 65408 5 369 369 369 369 369 454 272 454 272 462 272 462 0 3 0 5
 8404992 5 707 369 707 369 707 396 343 396 343 369 343 369 0 3 0 3
 8404992 5 733 356 733 356 733 386 382 386 382 356 382 356 0 3 0 3
 65535 5 538 343 538 335 479 335 479 147 208 147 208 121 0 3 0 6
 8388863 5 512 343 512 343 512 348 720 348 720 369 720 369 0 3 0 3
 8388863 5 525 356 525 356 525 363 746 363 746 369 746 369 0 3 0 3
3
 7008 1 14 311 278 5 0 0 8583448 3
 7032 1 14 506 278 5 0 0 8583448 3
 7004 1 14 701 278 5 0 0 8583448 3
