Version 0.9.7
5
 4 10 175 77 128 0 1
 5 80 400 206 81 2 2
 0 178 172 877 276 8 3
 3 179 75 203 58 140 4
 1 176 472 206 81 149 5
 0
19
 255 5 71 189 71 189 71 196 231 196 231 199 231 199 0 1 0 3
 255 5 71 228 71 228 135 228 135 483 191 483 191 483 0 1 0 5
 0 5 71 288 71 288 71 288 71 433 231 433 231 433 0 1 0 3
 0 5 244 433 244 464 70 464 70 541 191 541 191 541 0 3 0 5
 0 5 71 249 71 249 108 249 108 112 190 112 190 112 0 1 0 4
 0 5 413 381 413 381 413 381 413 433 413 433 413 433 0 3 0 3
 0 5 608 381 608 381 608 381 608 433 608 433 608 433 0 3 0 3
 0 5 803 381 803 381 803 381 803 433 803 433 803 433 0 3 0 3
 255 5 335 238 335 238 335 238 335 199 335 199 335 199 0 3 0 3
 255 5 530 238 530 238 530 238 530 199 530 199 530 199 0 3 0 3
 255 5 725 238 725 238 725 238 725 199 725 199 725 199 0 3 0 3
 6055422 5 232 483 232 483 232 446 335 446 335 381 335 381 0 5 0 3
 6055422 5 251 483 251 483 251 456 348 456 348 381 348 381 0 5 0 3
 12711801 5 374 381 374 381 374 473 270 473 270 483 270 483 0 3 0 5
 12711801 5 289 483 289 483 289 464 386 464 386 381 387 381 0 5 0 3
 10088675 5 361 381 361 381 361 374 530 374 530 381 530 381 0 3 0 3
 10088675 5 400 368 400 368 400 363 543 363 543 368 543 368 0 3 0 3
 16435161 5 556 368 556 368 556 362 725 362 725 368 725 368 0 3 0 3
 65535 5 738 368 738 368 738 342 666 342 666 119 365 119 0 3 0 4
3
 7008 1 14 329 290 5 0 0 8583448 3
 7004 1 14 719 290 5 0 0 8583448 3
 7032 1 14 524 290 5 0 0 8583448 3
