Version 0.9.7
5
 4 10 175 77 128 0 1
 5 80 400 206 81 2 2
 0 130 130 877 276 8 3
 3 129 51 203 58 140 4
 1 132 430 206 81 149 5
 0
20
 0 5 71 288 71 288 71 288 71 391 183 391 183 391 0 1 0 3
 0 5 196 391 196 391 196 407 79 407 79 499 147 499 0 3 0 5
 0 5 71 275 71 275 57 275 57 88 140 88 140 88 0 1 0 4
 255 5 71 228 71 228 102 228 102 441 147 441 147 441 0 1 0 5
 255 5 71 189 71 189 71 160 183 160 183 157 183 157 0 1 0 3
 255 5 287 196 287 196 287 196 287 157 287 157 287 157 0 3 0 3
 255 5 482 196 482 196 482 196 482 157 482 157 482 157 0 3 0 3
 0 5 365 339 365 339 365 339 365 378 365 378 365 378 0 3 0 3
 0 5 560 339 560 339 560 339 560 378 560 378 560 378 0 3 0 3
 65408 5 188 441 188 441 188 417 482 417 482 339 482 339 0 5 0 3
 65408 5 495 339 495 339 495 427 207 427 207 441 207 441 0 3 0 5
 8404992 5 207 454 198 454 198 411 287 411 287 339 287 339 0 5 0 3
 8404992 5 226 441 226 441 226 433 300 433 300 339 300 339 0 5 0 3
 12615808 5 521 339 521 339 521 332 313 332 313 339 313 339 0 3 0 3
 16744703 5 226 454 226 454 226 447 339 447 339 339 339 339 0 5 0 3
 33023 5 534 235 534 235 418 235 418 300 352 300 352 300 0 3 0 3
 65535 5 315 95 315 95 315 213 560 213 560 235 560 235 0 4 0 3
 16744448 5 326 313 326 313 326 313 508 313 508 313 508 313 0 3 0 3
 16744448 5 508 300 508 300 508 300 534 300 534 300 534 300 0 3 0 3
 4194432 5 547 235 547 235 581 235 581 313 547 313 547 313 0 3 0 3
2
 7008 1 14 281 248 5 0 0 8583448 3
 7032 1 14 476 248 5 0 1 4214488 3
