Version 0.9.7
5
 4 10 175 77 128 0 1
 5 80 400 206 81 2 2
 0 141 160 877 276 8 3
 1 197 479 206 81 140 4
 3 145 51 203 58 150 5
 0
33
 65793 5 71 288 71 288 71 422 194 422 194 421 194 421 0 1 0 3
 65793 5 207 421 207 446 66 446 66 548 212 548 212 548 0 3 0 4
 65793 5 156 88 156 88 108 88 108 275 71 275 71 275 0 5 0 1
 255 5 71 189 71 189 194 189 194 189 194 187 194 187 0 1 0 3
 255 5 71 228 71 228 129 228 129 490 212 490 212 490 0 1 0 4
 255 5 298 226 298 226 298 226 298 187 298 187 298 187 0 3 0 3
 255 5 688 226 688 226 688 226 688 187 688 187 688 187 0 3 0 3
 0 5 376 369 376 369 376 369 376 421 376 421 376 421 0 3 0 3
 0 5 766 369 766 369 766 369 766 421 766 421 766 421 0 3 0 3
 255 5 519 226 519 226 519 226 519 187 519 187 519 187 0 3 0 3
 65793 5 597 369 597 369 597 369 597 421 597 421 597 421 0 3 0 3
 255 5 402 226 402 226 402 226 402 226 402 187 402 187 0 3 0 3
 65793 5 480 369 480 369 480 369 480 421 480 421 480 421 0 3 0 3
 65535 5 688 369 688 467 242 467 242 503 253 503 253 503 0 3 0 4
 65535 5 714 369 714 369 714 497 272 497 272 503 272 503 0 3 0 4
 4227327 5 298 369 293 369 293 446 253 446 253 490 253 490 0 3 0 4
 4227327 5 311 369 311 369 311 379 727 379 727 369 727 369 0 3 0 3
 4227327 5 291 490 302 490 302 387 337 387 337 369 337 369 0 4 0 3
 12615680 5 324 369 324 369 324 362 350 362 350 369 350 369 0 3 0 3
 12615680 5 363 369 363 369 363 362 740 362 740 369 740 369 0 3 0 3
 128 5 272 490 272 490 272 252 272 252 324 252 324 252 0 4 0 3
 128 5 311 265 311 265 285 265 285 330 298 330 298 330 0 3 0 3
 6487319 5 310 490 310 490 381 490 381 246 363 246 363 252 0 4 0 3
 6487319 5 753 330 753 330 753 317 397 317 397 265 350 265 0 3 0 3
 16711808 5 584 343 584 343 779 343 779 265 753 265 753 265 0 3 0 3
 16711808 5 701 330 701 330 571 330 571 330 571 343 571 343 0 3 0 3
 16744576 5 714 239 714 239 714 258 559 258 559 343 558 343 0 3 0 3
 16744576 5 701 226 701 226 701 226 441 226 441 226 441 226 0 3 0 3
 3618815 5 545 239 545 239 545 231 766 231 766 239 766 239 0 3 0 3
 3618815 5 532 239 532 239 532 232 376 232 376 239 376 239 0 3 0 3
 65535 5 558 239 558 239 558 147 191 147 191 95 191 95 0 3 0 5
 8421440 5 337 226 337 226 337 218 415 218 415 226 415 226 0 3 0 3
 8421440 5 428 226 428 226 428 508 291 508 291 503 291 503 0 3 0 4
4
 7032 1 14 513 278 5 0 0 8583448 3
 7004 1 14 682 278 5 0 0 8583448 3
 7008 1 14 292 278 5 0 0 8583448 3
 7008 1 14 396 278 5 0 1 4214488 3
