Version 0.9.7
5
 4 10 175 77 128 0 1
 5 80 400 206 81 2 2
 0 110 110 877 276 8 3
 1 119 408 206 81 140 4
 3 119 22 203 58 150 5
 0
19
 65793 5 163 371 163 371 163 371 71 371 71 288 71 288 0 3 0 1
 65793 5 176 371 176 371 176 397 67 397 67 477 134 477 0 3 0 4
 65793 5 71 249 71 249 99 249 99 59 130 59 130 59 0 1 0 5
 255 5 134 419 134 419 59 419 59 228 71 228 71 228 0 4 0 1
 255 5 71 189 71 189 71 137 71 137 163 137 163 137 0 1 0 3
 255 5 267 176 267 176 267 176 267 137 267 137 267 137 0 3 0 3
 255 5 475 176 475 176 475 176 475 137 475 137 475 137 0 3 0 3
 255 5 670 176 670 176 670 176 670 137 670 137 670 137 0 3 0 3
 0 5 345 319 345 319 345 319 345 371 345 371 345 371 0 3 0 3
 0 5 553 319 553 319 553 319 553 371 553 371 553 371 0 3 0 3
 0 5 748 319 748 319 748 319 748 371 748 371 748 371 0 3 0 3
 3714953 5 175 419 175 419 175 400 190 400 190 319 267 319 0 4 0 3
 3714953 5 280 319 280 327 202 327 202 405 194 405 194 419 0 3 0 4
 33023 5 306 319 306 337 272 337 272 400 232 400 232 419 0 3 0 4
 33023 5 251 419 251 409 282 409 282 346 319 346 319 319 0 4 0 3
 5646641 5 293 319 293 319 293 313 475 313 475 319 475 319 0 3 0 3
 5646641 5 488 306 488 306 488 306 332 306 332 306 332 306 0 3 0 3
 16711680 5 501 293 501 293 501 293 670 293 670 293 670 293 0 3 0 3
 1619175 5 165 66 165 66 165 99 683 99 683 293 683 293 0 5 0 3
3
 7004 1 14 664 228 5 0 0 8583448 3
 7008 1 14 261 228 5 0 0 8583448 3
 7032 1 14 469 228 5 0 0 8583448 3
